YEAR,DOY,swv_dwn,lwv_dwn,T2M,T2MN,T2MX,RH2M,RAIN,WS10M
2000,299,1.73,29.81,13.15,9.53,16.59,85.07,5.44,4.87
2000,300,4.10,28.19,11.23,8.48,13.28,81.43,0.00,3.01
2000,301,4.75,28.26,10.89,2.24,15.05,77.01,0.00,3.69
2000,302,5.40,29.02,14.12,7.61,18.04,74.13,3.98,5.12
2000,303,6.34,26.78,12.88,9.69,14.74,60.20,1.67,7.01
2000,304,1.66,28.15,12.43,9.96,14.54,76.52,17.42,9.51
2000,305,4.90,26.32,9.60,8.06,11.82,84.70,0.00,5.88
2000,306,3.71,26.50,9.58,7.51,11.46,85.00,0.00,5.66
2000,307,2.48,26.82,10.14,8.15,12.76,86.12,0.00,5.74
2000,308,5.36,26.06,8.36,7.40,10.34,83.96,8.17,4.30
2000,309,3.67,24.19,7.37,3.65,8.94,92.85,0.00,3.57
2000,310,6.73,25.38,7.30,3.47,10.49,87.20,0.70,5.37
2000,311,2.02,27.25,9.84,7.12,12.49,85.76,0.00,7.63
2000,312,1.33,26.82,8.39,7.17,9.51,87.75,14.39,6.61
2000,313,1.73,27.32,8.88,8.07,9.73,86.05,3.83,5.66
2000,314,4.75,24.95,7.49,5.17,9.60,86.03,0.00,4.10
2000,315,7.60,23.33,5.64,4.56,8.07,90.22,0.00,3.26
2000,316,5.00,24.88,7.26,4.69,11.08,79.36,0.00,4.43
2000,317,1.01,26.32,7.60,4.45,10.46,89.54,26.93,6.16
2000,318,2.84,26.75,8.61,1.56,11.45,89.88,11.38,2.77
2000,319,4.07,24.01,6.88,1.39,8.34,89.13,0.00,3.24
2000,320,2.38,24.05,6.31,0.87,9.09,90.32,0.00,3.53
2000,321,2.27,25.88,6.54,4.43,8.54,91.47,3.52,4.30
2000,322,4.86,23.36,4.71,3.88,5.85,95.30,0.00,2.95
2000,323,3.06,27.25,6.68,4.45,9.66,90.56,3.13,3.19
2000,324,2.99,27.86,9.89,7.77,12.14,89.44,0.00,4.92
2000,325,3.49,23.98,6.67,4.91,9.01,84.39,0.00,4.59
2000,326,2.84,26.24,6.68,-1.33,11.52,92.97,9.63,5.81
2000,327,3.13,25.99,8.60,4.27,10.99,89.18,5.12,4.91
2000,328,1.51,27.14,8.75,1.23,11.93,95.45,16.29,4.12
2000,329,5.11,23.26,6.29,4.76,7.50,92.11,0.00,3.44
2000,330,2.56,25.63,8.08,5.39,11.07,91.71,0.00,4.68
2000,331,5.26,24.91,7.85,6.50,9.36,84.34,1.32,5.51
2000,332,1.94,27.04,8.03,5.51,12.07,95.81,17.62,3.25
2000,333,4.43,28.30,12.71,10.46,15.61,89.41,8.77,4.33
2000,334,2.30,29.02,11.25,10.02,13.44,86.06,3.88,4.55
2000,335,3.89,27.18,9.22,3.77,11.81,98.09,3.13,3.09
2000,336,1.40,28.80,11.65,10.11,12.59,86.55,15.79,5.19
2000,337,2.20,27.50,10.16,7.43,11.79,90.83,7.64,2.84
2000,338,3.35,24.73,7.73,6.46,10.83,92.34,0.00,3.61
2000,339,2.70,25.99,7.49,5.40,9.66,88.88,1.62,4.77
2000,340,2.81,26.32,10.03,8.30,12.11,82.05,7.16,5.42
2000,341,1.44,27.18,10.22,9.36,11.16,84.87,9.60,4.57
2000,342,0.90,27.68,10.24,7.61,12.65,86.43,10.55,6.12
2000,343,3.60,26.06,11.01,8.17,13.95,80.81,1.30,5.73
2000,344,4.46,24.30,9.05,7.45,10.41,89.16,1.13,4.58
2000,345,2.05,27.11,10.27,5.18,12.93,84.20,0.00,6.59
2000,346,3.60,27.68,11.02,8.96,13.48,78.51,1.85,4.95
2000,347,1.37,28.19,11.93,10.83,14.08,76.61,14.10,5.54
2000,348,2.56,27.18,10.89,8.69,13.41,78.02,3.47,6.77
2000,349,1.48,25.85,9.00,7.58,10.31,88.32,4.41,4.31
2000,350,3.13,25.02,5.35,4.44,6.22,90.20,0.00,4.14
2000,351,2.95,24.05,4.00,-0.02,5.77,95.46,0.00,2.91
2000,352,3.20,24.98,4.13,-1.01,5.85,99.05,0.00,1.96
2000,353,1.76,26.93,7.07,1.99,9.75,93.13,3.32,3.13
2000,354,3.67,24.80,7.12,2.90,9.41,97.43,0.50,2.53
2000,355,4.36,25.70,6.33,4.52,9.71,87.78,0.77,4.31
2000,356,4.57,24.70,4.95,3.29,7.29,90.25,0.00,3.35
2000,357,3.56,21.78,3.86,2.42,6.02,85.04,0.00,3.70
2000,358,5.00,21.85,3.81,2.00,7.24,77.20,0.00,3.27
2000,359,2.66,26.75,5.16,2.82,8.17,83.02,2.67,3.45
2000,360,1.30,27.25,5.92,1.11,7.36,99.12,3.40,2.23
2000,361,1.94,26.06,5.17,0.18,6.51,96.48,0.00,2.46
2000,362,2.12,26.03,5.40,0.54,7.20,97.38,0.00,2.39
2000,363,3.13,23.76,1.93,-0.12,4.40,90.33,0.69,2.97
2000,364,2.66,24.80,3.10,1.90,4.23,91.73,0.00,2.63
2000,365,4.90,19.73,-0.25,-2.80,1.85,93.51,0.00,2.98
2000,366,4.14,22.39,-0.34,-1.99,3.15,94.67,3.99,3.45
2001,1,0.86,25.99,6.95,2.07,9.58,88.71,16.54,5.68
2001,2,3.89,25.38,8.93,6.26,11.40,84.20,0.00,6.43
2001,3,4.54,26.10,7.11,2.63,9.76,87.31,9.72,4.28
2001,4,3.74,26.50,7.96,1.00,9.71,86.92,5.50,5.63
2001,5,1.58,27.68,10.41,7.64,12.44,90.00,12.11,8.56
2001,6,2.38,26.32,7.82,5.85,12.08,87.40,4.24,3.33
2001,7,3.13,22.97,5.00,4.32,6.22,93.51,0.00,2.18
2001,8,4.61,22.97,2.59,1.02,3.68,96.87,0.00,1.96
2001,9,3.24,25.13,2.36,1.02,3.50,94.24,0.59,3.35
2001,10,3.38,26.53,6.47,2.49,10.25,86.96,9.13,4.29
2001,11,1.40,26.50,6.31,-1.14,8.60,95.82,5.60,3.70
2001,12,1.76,25.42,5.12,2.93,7.66,92.85,6.67,5.61
2001,13,6.44,18.86,1.39,-0.25,3.11,80.05,0.00,5.42
2001,14,6.44,18.29,0.05,-1.35,3.42,61.85,0.00,5.59
2001,15,2.70,23.00,-0.49,-1.89,1.87,77.60,0.00,3.01
2001,16,3.60,22.32,0.21,-1.17,2.93,84.43,0.00,1.91
2001,17,3.06,22.90,0.18,-0.82,1.01,88.90,0.00,1.97
2001,18,2.84,23.40,1.81,-0.89,3.58,100.00,0.00,1.72
2001,19,2.88,23.80,1.13,-4.82,3.42,99.40,0.00,0.81
2001,20,3.28,22.75,0.52,-1.65,2.68,99.78,0.00,0.77
2001,21,2.05,24.05,2.38,-2.31,8.44,98.81,10.59,3.49
2001,22,2.81,26.21,7.84,3.75,9.11,87.13,5.99,5.11
2001,23,1.26,26.78,9.60,6.56,11.60,83.70,0.00,5.58
2001,24,4.10,26.21,10.18,6.41,12.74,82.21,2.15,6.23
2001,25,4.43,24.98,7.31,5.88,9.52,85.82,1.33,3.68
2001,26,4.32,24.62,6.08,5.15,7.92,85.04,8.35,5.21
2001,27,6.66,23.58,5.58,3.43,7.66,82.27,0.00,5.56
2001,28,6.55,23.54,4.25,0.20,7.21,92.09,0.00,2.34
2001,29,4.54,22.50,0.84,-2.10,2.62,92.99,0.00,3.57
2001,30,3.64,22.75,-1.06,-3.90,0.83,98.93,0.00,1.62
2001,31,3.02,25.56,1.34,-1.30,2.69,96.01,0.00,1.44
2001,32,6.80,21.20,-1.07,-4.27,0.68,97.78,0.00,1.68
2001,33,2.81,24.88,0.15,-3.96,3.53,91.86,4.09,3.65
2001,34,2.56,26.21,6.65,3.91,9.67,95.64,13.55,4.24
2001,35,4.03,27.79,9.96,7.02,12.01,87.09,0.07,4.80
2001,36,3.31,27.83,9.49,4.56,10.83,87.44,9.69,7.25
2001,37,3.31,28.33,10.94,8.50,13.76,83.59,8.99,6.33
2001,38,2.77,27.04,9.90,3.43,12.68,83.20,8.88,4.09
2001,39,4.86,26.03,8.53,6.16,11.28,80.06,0.00,5.03
2001,40,3.85,25.99,5.23,2.13,7.22,86.19,0.00,1.92
2001,41,7.34,23.76,3.12,-2.37,7.15,81.83,1.14,1.90
2001,42,3.56,29.20,9.81,5.72,14.82,84.98,3.29,3.66
2001,43,5.36,27.47,11.24,7.82,16.79,80.12,1.55,4.80
2001,44,6.95,24.16,7.58,4.47,9.64,84.17,0.00,5.21
2001,45,10.26,20.16,4.08,1.94,7.15,81.18,0.00,4.28
2001,46,10.66,20.81,3.74,-0.92,10.24,81.39,0.00,1.30
2001,47,5.51,23.18,2.69,-1.86,6.91,92.22,0.00,1.91
2001,48,3.78,24.01,3.95,2.12,6.02,86.74,0.00,4.15
2001,49,9.00,21.02,2.00,-0.85,4.50,83.62,0.00,3.44
2001,50,9.40,23.22,0.30,-2.27,5.43,92.27,0.28,1.66
2001,51,5.58,24.98,1.30,-1.93,5.27,93.76,1.07,1.64
2001,52,6.05,23.69,2.60,-1.72,7.26,96.80,0.00,2.18
2001,53,5.18,24.70,6.41,1.11,8.30,96.01,0.00,3.30
2001,54,5.65,25.81,4.71,1.10,6.93,86.82,0.00,3.55
2001,55,7.27,23.08,0.35,-1.95,3.51,88.08,0.00,2.80
2001,56,12.64,21.13,-1.35,-4.14,3.11,76.13,0.00,2.11
2001,57,10.19,21.67,-0.02,-3.92,4.46,78.09,0.00,2.78
2001,58,6.34,25.31,2.06,0.47,4.10,68.40,3.66,4.60
2001,59,6.62,24.48,2.11,-0.67,3.99,83.34,0.18,2.32
2001,60,6.23,24.84,1.61,-1.09,4.01,88.96,0.00,2.95
2001,61,7.34,22.75,1.13,-2.90,5.64,86.21,14.38,2.46
2001,62,7.52,24.91,0.96,-2.65,3.49,89.48,3.38,3.33
2001,63,5.47,26.78,4.90,-0.35,9.51,95.13,0.00,2.39
2001,64,7.78,22.50,2.21,-2.64,7.16,93.23,0.00,1.43
2001,65,12.35,25.78,7.54,0.57,14.43,81.72,0.99,4.16
2001,66,8.39,28.69,12.59,9.29,16.70,81.81,17.55,3.68
2001,67,6.73,27.25,10.37,8.18,13.31,91.29,10.40,3.02
2001,68,7.42,27.47,10.01,7.73,12.98,82.17,3.62,4.85
2001,69,7.20,27.61,9.98,3.27,13.89,92.07,0.00,4.30
2001,70,5.08,28.91,11.79,5.46,15.43,92.51,10.76,4.28
2001,71,7.45,26.64,8.45,3.99,11.97,90.71,5.13,3.09
2001,72,6.91,25.92,7.66,3.56,11.64,83.29,2.44,6.29
2001,73,7.92,26.60,7.22,2.79,10.64,89.22,5.11,4.13
2001,74,5.83,28.55,10.37,8.32,11.86,92.76,4.76,4.13
2001,75,12.06,26.35,9.89,6.30,15.69,81.55,3.43,3.24
2001,76,11.77,26.50,9.24,5.40,12.80,88.62,5.51,2.32
2001,77,6.88,27.50,9.63,7.79,12.32,86.49,0.00,4.80
2001,78,9.61,24.80,5.13,2.77,7.89,70.54,3.95,2.77
2001,79,4.79,26.68,6.70,3.58,10.32,93.34,23.86,5.06
2001,80,11.23,27.72,12.15,7.88,17.75,82.43,1.56,4.32
2001,81,8.03,28.58,10.94,8.08,14.70,85.96,7.81,5.03
2001,82,7.92,29.05,12.11,7.91,16.81,79.45,6.61,5.34
2001,83,5.18,28.44,10.27,7.70,13.76,91.62,1.68,2.38
2001,84,5.18,28.01,8.02,3.90,10.60,89.47,3.18,3.21
2001,85,6.12,26.39,4.68,2.30,7.82,81.97,0.00,1.81
2001,86,13.90,25.31,6.77,1.58,12.78,83.14,0.00,2.76
2001,87,9.50,25.74,6.96,-0.27,10.78,90.09,0.03,5.27
2001,88,11.59,26.82,7.96,3.80,11.23,84.41,0.00,4.78
2001,89,13.07,23.83,7.30,3.33,12.11,79.47,0.00,3.05
2001,90,11.77,26.35,9.04,1.61,15.89,78.40,2.52,3.36
2001,91,15.95,26.60,12.04,7.69,18.08,76.88,1.87,2.06
2001,92,18.40,25.45,13.21,6.97,21.63,62.57,0.00,4.05
2001,93,11.63,28.44,11.62,8.90,14.49,74.55,0.00,4.07
2001,94,10.87,27.18,9.41,6.65,11.63,78.24,16.48,6.09
2001,95,10.33,26.32,7.69,2.57,10.61,76.01,15.48,5.02
2001,96,6.48,27.43,11.21,7.55,14.64,85.08,17.53,5.71
2001,97,11.59,26.96,8.48,5.41,12.44,80.95,2.82,4.49
2001,98,8.42,27.83,7.78,3.94,11.72,79.00,0.00,4.22
2001,99,5.18,27.61,9.73,3.91,12.25,91.24,8.50,4.51
2001,100,11.70,28.08,9.61,6.85,11.22,80.23,0.00,5.33
2001,101,5.08,27.18,7.86,5.28,11.42,79.95,0.00,5.10
2001,102,13.00,24.73,5.60,1.14,10.15,78.60,0.00,3.35
2001,103,11.34,25.78,4.49,0.13,8.99,69.63,0.00,3.43
2001,104,17.86,23.98,3.43,-2.00,8.32,61.85,1.44,2.57
2001,105,6.16,27.22,9.07,6.60,11.66,82.47,12.65,5.21
2001,106,13.07,26.39,7.80,3.59,11.09,73.11,0.00,3.63
2001,107,11.20,25.60,5.17,0.47,10.03,73.68,5.60,2.57
2001,108,9.58,24.98,5.66,1.91,8.66,80.57,0.00,3.50
2001,109,14.65,24.08,3.08,-0.82,8.19,71.51,0.00,2.72
2001,110,14.11,25.27,3.31,-0.77,8.19,79.83,3.08,3.82
2001,111,13.61,24.91,4.83,0.91,9.94,73.39,0.00,5.04
2001,112,18.07,25.27,3.97,-2.61,12.29,64.54,0.00,1.35
2001,113,15.73,26.46,7.97,1.94,13.99,63.45,0.46,1.73
2001,114,9.97,28.51,10.86,3.76,18.24,71.33,7.52,4.25
2001,115,13.86,27.94,10.63,5.42,14.37,76.79,3.55,4.98
2001,116,16.42,26.46,11.17,7.67,15.52,69.51,0.00,5.17
2001,117,10.01,29.05,11.47,8.07,14.77,75.59,0.00,3.16
2001,118,6.16,28.30,11.06,8.22,13.21,83.30,11.83,5.27
2001,119,12.67,26.78,11.32,8.76,14.00,76.03,11.77,3.63
2001,120,8.86,28.87,10.66,9.46,12.13,89.94,14.01,2.05
2001,121,12.24,29.05,13.73,10.11,17.79,64.62,3.16,4.12
2001,122,14.22,29.92,12.59,10.08,16.47,93.22,0.82,2.56
2001,123,7.34,29.52,12.06,7.54,14.16,88.64,7.12,2.32
2001,124,10.48,28.19,9.61,5.77,12.15,83.90,0.30,2.62
2001,125,7.56,27.58,9.05,6.80,11.99,73.70,0.79,6.60
2001,126,13.57,28.15,9.14,4.52,14.26,67.12,1.54,4.37
2001,127,11.23,29.05,10.60,5.14,14.76,72.06,0.52,3.21
2001,128,20.41,29.88,12.35,7.29,17.24,69.53,0.00,3.15
2001,129,15.95,30.56,14.82,11.40,19.44,72.29,0.00,2.29
2001,130,9.04,29.30,16.88,9.22,24.27,64.05,7.21,1.20
2001,131,27.07,27.79,17.88,9.59,25.61,53.76,0.00,2.82
2001,132,24.80,26.64,18.24,9.19,26.53,51.65,0.00,2.44
2001,133,21.46,30.28,19.87,12.25,27.04,43.98,3.19,3.18
2001,134,8.14,29.45,12.33,8.47,16.44,77.92,3.94,1.96
2001,135,13.36,30.02,13.39,8.20,19.28,76.23,2.38,2.45
2001,136,12.74,29.92,14.16,8.53,19.00,69.33,1.40,5.67
2001,137,16.96,29.56,13.65,10.75,17.30,58.45,0.00,5.72
2001,138,16.13,29.41,11.00,4.95,17.05,63.24,0.00,3.80
2001,139,23.80,26.96,11.87,4.81,18.24,62.69,0.00,1.91
2001,140,27.68,25.06,14.34,6.69,21.27,57.22,0.00,3.68
2001,141,29.88,25.16,17.24,9.79,24.03,49.72,0.00,5.42
2001,142,27.00,26.60,17.57,11.57,23.66,46.04,1.17,5.28
2001,143,26.89,27.11,18.28,11.19,24.90,47.68,0.00,3.18
2001,144,14.51,33.12,20.34,13.95,26.08,50.13,1.53,2.07
2001,145,24.12,29.27,19.50,13.03,25.76,50.16,0.00,2.55
2001,146,23.54,31.75,19.52,10.54,25.76,56.11,2.84,2.06
2001,147,21.06,31.14,19.42,12.15,26.22,61.33,2.87,2.28
2001,148,26.35,30.56,21.66,13.01,29.59,53.62,0.45,2.22
2001,149,28.30,28.87,21.66,15.40,28.02,53.41,0.00,2.42
2001,150,26.42,30.35,21.88,14.33,28.27,47.63,0.00,1.64
2001,151,25.42,29.12,18.47,14.36,22.19,45.06,0.00,4.33
2001,152,19.48,28.26,15.35,7.83,20.89,51.89,0.00,3.33
2001,153,10.40,30.02,15.06,12.39,18.21,65.50,3.20,5.38
2001,154,22.75,26.35,13.24,9.32,17.69,47.05,0.00,4.99
2001,155,28.76,23.80,12.88,2.90,20.91,45.62,0.00,1.78
2001,156,22.50,27.79,17.64,7.28,26.68,39.56,0.00,2.16
2001,157,16.09,30.49,17.02,12.97,20.55,63.62,0.63,4.26
2001,158,14.80,29.95,16.77,14.54,20.12,56.28,0.00,4.89
2001,159,9.61,29.12,12.90,9.73,15.03,79.49,9.50,1.31
2001,160,16.38,29.74,13.34,7.52,18.29,60.04,6.81,1.64
2001,161,22.39,26.60,13.28,9.31,17.19,55.95,0.00,3.19
2001,162,23.36,25.88,13.25,6.81,20.06,53.91,0.00,3.26
2001,163,25.78,27.79,15.67,6.74,23.23,45.51,0.51,1.56
2001,164,18.79,29.41,17.36,12.23,22.63,52.94,9.15,1.18
2001,165,23.36,29.48,16.85,8.55,25.11,56.43,2.99,1.31
2001,166,7.49,30.24,18.46,14.96,22.38,62.10,1.92,3.14
2001,167,19.80,30.20,16.33,12.17,21.38,70.95,0.00,5.71
2001,168,15.37,31.28,15.14,13.11,18.10,76.67,0.00,4.70
2001,169,17.17,29.92,13.62,9.53,18.04,69.72,0.00,3.52
2001,170,29.30,26.89,14.41,7.00,20.74,57.36,0.00,2.35
2001,171,31.21,26.17,17.54,7.97,25.96,41.66,0.00,1.57
2001,172,26.93,29.27,19.08,10.09,25.61,53.82,0.00,2.67
2001,173,27.54,29.48,18.27,10.99,24.40,53.63,0.00,1.72
2001,174,29.88,27.50,19.71,12.98,28.78,43.30,0.00,1.61
2001,175,28.48,28.80,24.00,14.65,31.92,39.85,0.00,1.26
2001,176,30.46,29.77,26.18,17.01,34.41,39.25,0.00,3.01
2001,177,27.61,31.82,27.31,20.03,34.28,43.24,0.00,3.02
2001,178,11.30,33.34,20.37,14.39,23.12,65.20,3.44,3.48
2001,179,26.96,31.36,20.05,14.87,25.85,58.11,0.74,3.06
2001,180,24.16,32.54,22.92,16.32,28.65,50.98,0.00,1.27
2001,181,20.05,33.98,23.19,17.73,27.45,48.14,0.00,3.66
2001,182,23.94,29.88,18.90,13.42,24.99,58.31,0.00,2.48
2001,183,28.40,29.52,22.84,15.39,28.33,53.78,0.00,3.03
2001,184,27.90,29.88,24.72,18.61,30.29,48.52,0.00,2.90
2001,185,19.76,33.08,23.81,19.08,27.15,55.17,16.54,1.84
2001,186,8.50,33.16,22.98,18.36,27.03,65.40,15.61,3.47
2001,187,14.04,32.98,19.49,15.76,22.89,83.58,10.70,1.50
2001,188,7.49,32.11,18.43,14.76,20.61,79.41,22.73,4.09
2001,189,10.66,32.40,17.52,13.92,21.49,69.25,2.62,4.79
2001,190,23.58,29.81,17.89,11.00,24.24,60.77,0.00,2.08
2001,191,16.60,32.22,20.02,14.04,24.44,55.64,3.00,5.14
2001,192,21.38,31.82,19.34,16.03,24.53,47.99,0.00,6.53
2001,193,7.56,31.50,17.75,13.38,21.35,61.24,0.83,4.50
2001,194,10.30,31.61,16.88,13.94,20.06,72.31,10.76,3.14
2001,195,5.18,31.03,15.87,11.10,20.35,86.50,17.08,3.00
2001,196,20.09,30.56,14.78,9.72,20.18,65.47,3.49,1.61
2001,197,18.65,30.89,15.58,10.23,20.23,59.46,0.00,1.24
2001,198,11.48,31.10,15.70,9.30,20.81,72.83,6.15,3.95
2001,199,7.74,30.85,15.42,13.48,17.85,81.47,11.62,7.27
2001,200,14.29,31.57,16.19,13.91,18.94,78.81,0.00,4.62
2001,201,14.08,31.64,15.39,11.81,19.42,71.03,0.00,3.69
2001,202,19.94,32.08,17.93,11.19,24.08,59.28,0.00,3.15
2001,203,25.88,30.71,22.59,14.33,30.16,47.68,0.00,1.77
2001,204,12.89,32.22,21.04,16.13,25.46,69.89,6.56,1.49
2001,205,24.37,29.48,20.57,16.87,25.01,69.86,0.00,2.22
2001,206,21.67,32.08,21.88,16.17,27.65,68.37,0.00,2.38
2001,207,18.83,32.90,22.81,17.51,28.25,71.75,0.88,1.57
2001,208,20.48,32.40,23.31,17.71,28.49,70.52,5.11,1.18
2001,209,20.23,33.37,23.01,19.07,26.62,74.63,1.50,2.33
2001,210,25.60,31.64,22.70,17.23,28.06,58.46,0.00,2.92
2001,211,27.25,29.84,23.80,14.32,31.45,49.92,0.00,1.12
2001,212,23.11,31.14,24.92,17.43,30.71,54.86,0.00,2.59
2001,213,27.29,30.60,24.05,19.54,28.66,55.02,0.00,3.10
2001,214,13.36,34.09,23.79,17.75,30.46,64.81,8.44,3.45
2001,215,17.71,33.16,19.64,14.24,23.19,73.59,3.27,3.63
2001,216,18.83,31.86,18.94,13.17,23.07,56.38,0.00,3.53
2001,217,13.54,32.40,19.77,16.56,24.02,60.90,1.27,4.84
2001,218,12.92,33.59,21.03,17.20,24.68,65.37,0.44,5.31
2001,219,9.36,32.00,19.55,17.86,22.41,79.06,5.57,4.64
2001,220,16.88,31.50,18.38,15.43,21.43,71.05,4.88,5.83
2001,221,17.86,30.82,17.02,13.78,20.82,59.45,0.00,4.34
2001,222,17.10,30.06,16.86,12.05,21.51,54.07,0.00,4.17
2001,223,24.48,29.20,16.92,10.89,23.17,52.51,0.00,1.82
2001,224,25.38,29.09,19.97,12.51,27.28,43.81,0.00,2.53
2001,225,25.92,29.92,23.03,16.48,29.14,48.54,0.00,2.63
2001,226,26.17,29.30,25.31,18.03,32.52,40.89,0.00,2.21
2001,227,20.74,32.94,27.61,23.04,32.47,42.52,3.41,3.72
2001,228,15.91,32.18,21.68,17.26,25.07,56.56,0.00,3.99
2001,229,21.92,29.66,20.23,13.61,25.90,45.93,0.00,1.18
2001,230,13.00,31.75,22.77,16.20,29.41,53.12,16.41,3.58
2001,231,13.50,32.36,20.62,14.96,25.34,61.33,3.40,5.52
2001,232,13.46,33.66,20.47,12.33,24.58,54.97,0.28,2.53
2001,233,20.52,31.72,21.83,16.44,28.21,61.11,0.00,1.06
2001,234,21.13,31.28,23.96,17.55,30.63,47.82,1.27,1.16
2001,235,20.16,32.22,25.16,17.87,31.82,45.67,0.68,0.83
2001,236,22.79,31.28,27.14,21.23,33.48,45.19,0.00,1.53
2001,237,22.32,31.03,29.23,20.88,36.85,34.08,0.00,2.85
2001,238,18.50,33.34,29.15,21.26,36.64,32.71,12.04,3.66
2001,239,14.44,33.01,23.76,18.86,26.65,61.68,0.00,3.68
2001,240,21.06,26.96,21.24,15.18,26.36,39.52,0.00,3.74
2001,241,16.24,32.44,21.07,12.82,27.94,37.82,12.08,2.18
2001,242,9.90,33.05,20.28,14.67,23.77,43.96,6.75,2.58
2001,243,10.55,31.97,16.55,12.33,19.19,68.68,0.00,4.06